From Id	To Id	Tx	Meta
34	27	0.00193228	
34	33	0.00193228	
34	41	0.00193228	
34	26	0.00193228	
34	40	0.00193228	
41	34	0.00207062	
41	40	0.00207062	
41	48	0.00207062	
41	33	0.00207062	
41	47	0.00207062	
34	27	0.00219495	
34	33	0.00219495	
34	41	0.00219495	
34	26	0.00219495	
34	40	0.00219495	
33	26	0.00228228	
33	32	0.00228228	
33	34	0.00228228	
33	40	0.00228228	
27	20	0.00228228	
33	25	0.00228228	
33	39	0.00228228	
33	41	0.00228228	
27	19	0.00228228	
34	27	0.00248462	
34	33	0.00248462	
34	41	0.00248462	
34	26	0.00248462	
34	40	0.00248462	
41	34	0.00260495	
41	40	0.00260495	
41	48	0.00260495	
41	33	0.00260495	
41	47	0.00260495	
27	20	0.00269262	
27	26	0.00269262	
27	34	0.00269262	
27	19	0.00269262	
27	33	0.00269262	
34	27	0.00281695	
34	33	0.00281695	
34	41	0.00281695	
34	26	0.00281695	
34	40	0.00281695	
34	27	0.00290395	
34	33	0.00290395	
34	41	0.00290395	
34	26	0.00290395	
34	40	0.00290395	
41	34	0.00302828	
41	40	0.00302828	
41	48	0.00302828	
